0.000000 0.904508
0.010000 0.827508
0.020000 0.756273
0.030000 0.690581
0.040000 0.630140
0.050000 0.574625
0.060000 0.523707
0.070000 0.477059
0.080000 0.434368
0.090000 0.395332
0.100000 0.359668
0.110000 0.327108
0.120000 0.297400
0.130000 0.270313
0.140000 0.245627
0.150000 0.223142
0.160000 0.202669
0.170000 0.184038
0.180000 0.167088
0.190000 0.151673
0.200000 0.137659
0.210000 0.124922
0.220000 0.113348
0.230000 0.102834
0.240000 0.093285
0.250000 0.084614
0.260000 0.076742
0.270000 0.069597
0.280000 0.063111
0.290000 0.057226
0.300000 0.051887
0.310000 0.047042
0.320000 0.042648
0.330000 0.038662
0.340000 0.035047
0.350000 0.031769
0.360000 0.028796
0.370000 0.026100
0.380000 0.023656
0.390000 0.021440
0.400000 0.019432
0.410000 0.017611
0.420000 0.015960
0.430000 0.014463
0.440000 0.013107
0.450000 0.011878
0.460000 0.010764
0.470000 0.009754
0.480000 0.008838
0.490000 0.008009
0.500000 0.007257
0.510000 0.006576
0.520000 0.005959
0.530000 0.005399
0.540000 0.004892
0.550000 0.004433
0.560000 0.004017
0.570000 0.003639
0.580000 0.003298
0.590000 0.002988
0.600000 0.002707
0.610000 0.002453
0.620000 0.002223
0.630000 0.002014
0.640000 0.001825
0.650000 0.001653
0.660000 0.001498
0.670000 0.001357
0.680000 0.001230
0.690000 0.001114
0.700000 0.001009
0.710000 0.000915
0.720000 0.000829
0.730000 0.000751
0.740000 0.000680
0.750000 0.000616
0.760000 0.000558
0.770000 0.000506
0.780000 0.000458
0.790000 0.000415
0.800000 0.000376
0.810000 0.000341
0.820000 0.000309
0.830000 0.000280
0.840000 0.000254
0.850000 0.000230
0.860000 0.000208
0.870000 0.000189
0.880000 0.000171
0.890000 0.000155
0.900000 0.000140
0.910000 0.000127
0.920000 0.000115
0.930000 0.000104
0.940000 0.000095
0.950000 0.000086
0.960000 0.000078
0.970000 0.000070
0.980000 0.000064
0.990000 0.000058
1.000000 0.000052
